0	1	1	1	1	1	1	1	1
0.0196078	0.989978	0.989912	0.990021	0.989078	0.989935	0.988568	0.989961	0.989999
0.0392157	0.980026	0.97992	0.980086	0.978259	0.97994	0.977243	0.979993	0.980055
0.0588235	0.970148	0.970025	0.970203	0.967553	0.97002	0.966028	0.970098	0.970173
0.0784314	0.960348	0.96023	0.960377	0.956965	0.960178	0.954929	0.960281	0.960358
0.0980392	0.95063	0.950538	0.950614	0.9465	0.950419	0.94395	0.950547	0.950616
0.117647	0.940997	0.940949	0.940919	0.936163	0.940746	0.933095	0.940899	0.940951
0.137255	0.931454	0.931466	0.931298	0.925958	0.931162	0.922368	0.931339	0.931367
0.156863	0.922002	0.92209	0.921754	0.915887	0.92167	0.911771	0.921872	0.921867
0.176471	0.912645	0.912822	0.912292	0.905954	0.912273	0.901309	0.912499	0.912456
0.196078	0.903384	0.903663	0.902915	0.896161	0.902974	0.890982	0.903223	0.903136
0.215686	0.894222	0.894614	0.893628	0.886508	0.893774	0.880793	0.894046	0.89391
0.235294	0.885161	0.885675	0.884433	0.876997	0.884675	0.870744	0.88497	0.88478
0.254902	0.876203	0.876847	0.875333	0.867628	0.875679	0.860835	0.875996	0.875749
0.27451	0.867348	0.868129	0.866331	0.858402	0.866787	0.85107	0.867126	0.866819
0.294118	0.858597	0.859523	0.857428	0.849318	0.858001	0.841446	0.858362	0.857992
0.313725	0.849953	0.851028	0.848627	0.840375	0.849321	0.831967	0.849703	0.849268
0.333333	0.841415	0.842644	0.839929	0.831574	0.840748	0.822631	0.841151	0.840649
0.352941	0.832984	0.83437	0.831336	0.822913	0.832282	0.813439	0.832706	0.832136
0.372549	0.824661	0.826207	0.822848	0.814391	0.823925	0.80439	0.824369	0.82373
0.392157	0.816445	0.818154	0.814467	0.806007	0.815676	0.795484	0.81614	0.815431
0.411765	0.808337	0.81021	0.806194	0.797759	0.807535	0.78672	0.808019	0.80724
0.431373	0.800337	0.802374	0.798029	0.789646	0.799502	0.778098	0.800006	0.799157
0.45098	0.792445	0.794647	0.789972	0.781666	0.791578	0.769617	0.7921	0.791181
0.470588	0.784659	0.787026	0.782023	0.773817	0.783761	0.761275	0.784302	0.783314
0.490196	0.776981	0.779512	0.774183	0.766098	0.776052	0.753071	0.776611	0.775554
0.509804	0.769408	0.772103	0.76645	0.758506	0.768449	0.745003	0.769026	0.767902
0.529412	0.761942	0.764798	0.758826	0.75104	0.760953	0.737071	0.761547	0.760356
0.54902	0.75458	0.757597	0.75131	0.743698	0.753562	0.729273	0.754174	0.752917
0.568627	0.747322	0.750498	0.7439	0.736477	0.746276	0.721606	0.746904	0.745583
0.588235	0.740168	0.743499	0.736597	0.729375	0.739093	0.714069	0.739738	0.738354
0.607843	0.733116	0.736601	0.7294	0.722391	0.732014	0.706661	0.732675	0.73123
0.627451	0.726165	0.729802	0.722307	0.715523	0.725036	0.699379	0.725713	0.724208
0.647059	0.719315	0.7231	0.715318	0.708767	0.71816	0.692221	0.718852	0.717289
0.666667	0.712564	0.716494	0.708432	0.702123	0.711383	0.685186	0.71209	0.71047
0.686275	0.705911	0.709984	0.701648	0.695588	0.704704	0.678271	0.705426	0.703752
0.705882	0.699355	0.703567	0.694965	0.68916	0.698123	0.671474	0.69886	0.697133
0.72549	0.692895	0.697243	0.688381	0.682837	0.691639	0.664793	0.69239	0.690611
0.745098	0.68653	0.69101	0.681896	0.676617	0.685249	0.658227	0.686014	0.684186
0.764706	0.680258	0.684866	0.675508	0.670499	0.678954	0.651773	0.679732	0.677856
0.784314	0.674078	0.678812	0.669216	0.664479	0.672751	0.645429	0.673542	0.671621
0.803922	0.667989	0.672845	0.663019	0.658556	0.666639	0.639193	0.667443	0.665478
0.823529	0.661989	0.666964	0.656915	0.652728	0.660617	0.633063	0.661434	0.659426
0.843137	0.656077	0.661168	0.650903	0.646993	0.654684	0.627037	0.655513	0.653465
0.862745	0.650253	0.655455	0.644982	0.64135	0.648838	0.621112	0.649679	0.647592
0.882353	0.644514	0.649824	0.63915	0.635797	0.643078	0.615287	0.643931	0.641807
0.901961	0.63886	0.644274	0.633407	0.630331	0.637403	0.609561	0.638268	0.636108
0.921569	0.633288	0.638804	0.627749	0.624951	0.631812	0.60393	0.632688	0.630494
0.941176	0.627798	0.633412	0.622178	0.619655	0.626303	0.598393	0.627189	0.624964
0.960784	0.622389	0.628097	0.61669	0.614442	0.620874	0.592948	0.621771	0.619515
0.980392	0.617058	0.622858	0.611284	0.609309	0.615525	0.587593	0.616433	0.614147
1	0.611806	0.617693	0.60596	0.604256	0.610254	0.582326	0.611172	0.608859
1.01961	0.60663	0.612602	0.600715	0.59928	0.60506	0.577146	0.605988	0.603649
1.03922	0.601529	0.607583	0.595549	0.594381	0.599942	0.57205	0.600879	0.598516
1.05882	0.596502	0.602635	0.59046	0.589556	0.594898	0.567038	0.595845	0.593458
1.07843	0.591548	0.597756	0.585447	0.584803	0.589927	0.562106	0.590883	0.588475
1.09804	0.586666	0.592946	0.580508	0.580123	0.585028	0.557254	0.585993	0.583565
1.11765	0.581854	0.588204	0.575643	0.575512	0.5802	0.55248	0.581174	0.578726
1.13725	0.577111	0.583527	0.570849	0.57097	0.575442	0.547782	0.576423	0.573958
1.15686	0.572436	0.578916	0.566126	0.566495	0.570751	0.543158	0.571741	0.569259
1.17647	0.567827	0.574369	0.561472	0.562087	0.566128	0.538607	0.567126	0.564628
1.19608	0.563284	0.569885	0.556886	0.557742	0.56157	0.534128	0.562576	0.560064
1.21569	0.558806	0.565462	0.552368	0.553461	0.557078	0.529719	0.558091	0.555566
1.23529	0.554391	0.561101	0.547914	0.549242	0.552649	0.525378	0.553669	0.551132
1.2549	0.550038	0.556799	0.543526	0.545084	0.548282	0.521104	0.549309	0.546761
1.27451	0.545746	0.552555	0.539201	0.540986	0.543977	0.516896	0.545011	0.542453
1.29412	0.541514	0.54837	0.534937	0.536945	0.539732	0.512752	0.540773	0.538206
1.31373	0.537342	0.544241	0.530735	0.532962	0.535547	0.508672	0.536594	0.534018
1.33333	0.533227	0.540168	0.526593	0.529036	0.53142	0.504652	0.532473	0.52989
1.35294	0.529169	0.536149	0.52251	0.525164	0.52735	0.500694	0.528409	0.52582
1.37255	0.525166	0.532185	0.518485	0.521346	0.523336	0.496794	0.524401	0.521806
1.39216	0.521219	0.528273	0.514516	0.517581	0.519377	0.492952	0.520448	0.517848
1.41176	0.517326	0.524413	0.510603	0.513868	0.515473	0.489167	0.516549	0.513945
1.43137	0.513486	0.520605	0.506744	0.510206	0.511622	0.485437	0.512703	0.510096
1.45098	0.509697	0.516846	0.502939	0.506594	0.507823	0.481762	0.508909	0.506299
1.47059	0.50596	0.513137	0.499187	0.503031	0.504076	0.478141	0.505166	0.502555
1.4902	0.502273	0.509476	0.495487	0.499516	0.500379	0.474571	0.501474	0.498861
1.5098	0.498636	0.505863	0.491837	0.496048	0.496731	0.471053	0.497831	0.495218
1.52941	0.495046	0.502297	0.488237	0.492626	0.493133	0.467584	0.494237	0.491623
1.54902	0.491505	0.498777	0.484686	0.489249	0.489582	0.464165	0.49069	0.488077
1.56863	0.48801	0.495302	0.481184	0.485918	0.486078	0.460794	0.48719	0.484579
1.58824	0.484561	0.491872	0.477728	0.482629	0.482621	0.457471	0.483736	0.481126
1.60784	0.481157	0.488485	0.474319	0.479384	0.479208	0.454193	0.480328	0.47772
1.62745	0.477798	0.485141	0.470955	0.47618	0.475841	0.450961	0.476964	0.474358
1.64706	0.474482	0.481839	0.467636	0.473018	0.472517	0.447774	0.473643	0.471041
1.66667	0.471209	0.478579	0.46436	0.469897	0.469236	0.44463	0.470365	0.467767
1.68627	0.467978	0.47536	0.461128	0.466815	0.465998	0.441528	0.46713	0.464535
1.70588	0.464788	0.472181	0.457938	0.463773	0.462801	0.438469	0.463936	0.461346
1.72549	0.461639	0.469041	0.45479	0.460768	0.459645	0.435451	0.460782	0.458197
1.7451	0.45853	0.46594	0.451682	0.457802	0.456529	0.432473	0.457669	0.455089
1.76471	0.45546	0.462877	0.448615	0.454872	0.453452	0.429535	0.454594	0.45202
1.78431	0.452428	0.459852	0.445586	0.451979	0.450415	0.426635	0.451559	0.44899
1.80392	0.449435	0.456864	0.442597	0.449121	0.447415	0.423774	0.448561	0.445999
1.82353	0.446478	0.453911	0.439645	0.446299	0.444453	0.420949	0.445601	0.443045
1.84314	0.443559	0.450995	0.436731	0.443511	0.441527	0.418162	0.442677	0.440128
1.86275	0.440675	0.448113	0.433854	0.440756	0.438638	0.415411	0.439789	0.437248
1.88235	0.437826	0.445266	0.431012	0.438035	0.435784	0.412694	0.436937	0.434403
1.90196	0.435013	0.442453	0.428206	0.435347	0.432966	0.410013	0.43412	0.431593
1.92157	0.432233	0.439673	0.425435	0.432691	0.430181	0.407365	0.431337	0.428818
1.94118	0.429487	0.436927	0.422698	0.430066	0.427431	0.404751	0.428587	0.426076
1.96078	0.426775	0.434212	0.419994	0.427472	0.424713	0.40217	0.425871	0.423368
1.98039	0.424094	0.431529	0.417324	0.424909	0.422029	0.399621	0.423187	0.420693
2	0.421446	0.428877	0.414686	0.422376	0.419376	0.397103	0.420535	0.41805
2.01961	0.418829	0.426256	0.41208	0.419872	0.416755	0.394616	0.417914	0.415438
2.03922	0.416243	0.423666	0.409505	0.417397	0.414165	0.39216	0.415325	0.412858
2.05882	0.413687	0.421105	0.406961	0.414951	0.411606	0.389734	0.412766	0.410308
2.07843	0.411161	0.418573	0.404447	0.412533	0.409077	0.387337	0.410237	0.407788
2.09804	0.408664	0.41607	0.401963	0.410142	0.406577	0.38497	0.407737	0.405298
2.11765	0.406197	0.413596	0.399509	0.407778	0.404106	0.38263	0.405266	0.402837
2.13725	0.403758	0.411149	0.397083	0.405441	0.401664	0.380319	0.402824	0.400405
2.15686	0.401346	0.40873	0.394685	0.40313	0.39925	0.378034	0.40041	0.398
2.17647	0.398963	0.406338	0.392316	0.400845	0.396864	0.375777	0.398023	0.395624
2.19608	0.396606	0.403972	0.389974	0.398585	0.394505	0.373546	0.395664	0.393274
2.21569	0.394276	0.401633	0.387658	0.396351	0.392173	0.371342	0.393331	0.390952
2.23529	0.391973	0.399319	0.38537	0.39414	0.389867	0.369162	0.391025	0.388656
2.2549	0.389695	0.397031	0.383107	0.391954	0.387587	0.367008	0.388744	0.386385
2.27451	0.387442	0.394768	0.38087	0.389792	0.385333	0.364879	0.386489	0.384141
2.29412	0.385215	0.392529	0.378658	0.387653	0.383104	0.362774	0.384259	0.381921
2.31373	0.383012	0.390315	0.376471	0.385537	0.3809	0.360693	0.382053	0.379726
2.33333	0.380833	0.388125	0.374309	0.383444	0.37872	0.358635	0.379872	0.377556
2.35294	0.378678	0.385958	0.37217	0.381373	0.376563	0.356601	0.377714	0.375409
2.37255	0.376547	0.383814	0.370055	0.379324	0.374431	0.354589	0.375581	0.373286
2.39216	0.374439	0.381693	0.367964	0.377297	0.372322	0.352599	0.37347	0.371186
2.41176	0.372353	0.379594	0.365895	0.37529	0.370235	0.350632	0.371382	0.369109
2.43137	0.37029	0.377518	0.363849	0.373305	0.368171	0.348686	0.369316	0.367054
2.45098	0.368249	0.375463	0.361825	0.371341	0.36613	0.346761	0.367273	0.365022
2.47059	0.366229	0.37343	0.359823	0.369397	0.36411	0.344858	0.365251	0.363011
2.4902	0.364231	0.371417	0.357843	0.367473	0.362111	0.342975	0.363251	0.361022
2.5098	0.362254	0.369426	0.355883	0.365568	0.360134	0.341112	0.361272	0.359054
2.52941	0.360298	0.367455	0.353945	0.363683	0.358178	0.339269	0.359314	0.357107
2.54902	0.358362	0.365505	0.352027	0.361817	0.356242	0.337446	0.357376	0.35518
2.56863	0.356447	0.363574	0.350129	0.35997	0.354326	0.335642	0.355458	0.353273
2.58824	0.354551	0.361663	0.348251	0.358142	0.352431	0.333858	0.35356	0.351386
2.60784	0.352675	0.359771	0.346393	0.356332	0.350555	0.332092	0.351682	0.349519
2.62745	0.350818	0.357898	0.344554	0.35454	0.348698	0.330344	0.349823	0.347671
2.64706	0.348979	0.356044	0.342734	0.352765	0.346861	0.328615	0.347983	0.345842
2.66667	0.34716	0.354209	0.340933	0.351009	0.345042	0.326903	0.346161	0.344032
2.68627	0.345359	0.352392	0.339151	0.349269	0.343241	0.32521	0.344358	0.34224
2.70588	0.343576	0.350593	0.337386	0.347546	0.341459	0.323533	0.342574	0.340467
2.72549	0.341811	0.348811	0.33564	0.34584	0.339695	0.321874	0.340807	0.338711
2.7451	0.340064	0.347047	0.333911	0.344151	0.337949	0.320231	0.339058	0.336973
2.76471	0.338333	0.345301	0.332199	0.342478	0.33622	0.318605	0.337326	0.335252
2.78431	0.336621	0.343571	0.330505	0.340821	0.334508	0.316995	0.335611	0.333548
2.80392	0.334924	0.341858	0.328827	0.33918	0.332813	0.315402	0.333914	0.331862
2.82353	0.333245	0.340162	0.327166	0.337554	0.331135	0.313824	0.332232	0.330192
2.84314	0.331582	0.338481	0.325522	0.335944	0.329474	0.312262	0.330568	0.328538
2.86275	0.329935	0.336817	0.323894	0.334349	0.327828	0.310715	0.328919	0.3269
2.88235	0.328304	0.335169	0.322281	0.332769	0.326199	0.309184	0.327287	0.325279
2.90196	0.326689	0.333537	0.320685	0.331204	0.324585	0.307667	0.32567	0.323673
2.92157	0.325089	0.331919	0.319104	0.329653	0.322987	0.306165	0.324069	0.322082
2.94118	0.323504	0.330317	0.317538	0.328117	0.321405	0.304678	0.322483	0.320507
2.96078	0.321935	0.328731	0.315987	0.326595	0.319837	0.303205	0.320912	0.318947
2.98039	0.32038	0.327158	0.314451	0.325086	0.318284	0.301746	0.319356	0.317402
3	0.31884	0.325601	0.31293	0.323592	0.316746	0.300301	0.317815	0.315871
3.01961	0.317315	0.324058	0.311423	0.322111	0.315223	0.29887	0.316288	0.314355
3.03922	0.315804	0.322529	0.30993	0.320644	0.313714	0.297452	0.314775	0.312853
3.05882	0.314306	0.321014	0.308452	0.319189	0.312219	0.296047	0.313277	0.311365
3.07843	0.312823	0.319513	0.306987	0.317748	0.310738	0.294656	0.311792	0.309891
3.09804	0.311353	0.318025	0.305536	0.31632	0.309271	0.293278	0.310321	0.308431
3.11765	0.309897	0.316551	0.304098	0.314904	0.307817	0.291912	0.308864	0.306984
3.13725	0.308454	0.31509	0.302674	0.313501	0.306377	0.290559	0.30742	0.30555
3.15686	0.307025	0.313643	0.301262	0.31211	0.30495	0.289219	0.305989	0.30413
3.17647	0.305608	0.312208	0.299864	0.310732	0.303535	0.28789	0.304572	0.302722
3.19608	0.304204	0.310786	0.298479	0.309366	0.302134	0.286574	0.303167	0.301328
3.21569	0.302813	0.309377	0.297105	0.308011	0.300746	0.28527	0.301774	0.299946
3.23529	0.301434	0.30798	0.295745	0.306668	0.299369	0.283978	0.300394	0.298576
3.2549	0.300067	0.306596	0.294397	0.305337	0.298006	0.282697	0.299027	0.297218
3.27451	0.298713	0.305224	0.29306	0.304017	0.296654	0.281428	0.297671	0.295873
3.29412	0.297371	0.303863	0.291736	0.302709	0.295315	0.28017	0.296328	0.29454
3.31373	0.29604	0.302515	0.290423	0.301412	0.293987	0.278923	0.294996	0.293218
3.33333	0.294721	0.301178	0.289123	0.300126	0.292671	0.277687	0.293677	0.291908
3.35294	0.293414	0.299852	0.287833	0.29885	0.291367	0.276462	0.292368	0.29061
3.37255	0.292117	0.298538	0.286555	0.297586	0.290074	0.275248	0.291071	0.289323
3.39216	0.290833	0.297236	0.285288	0.296332	0.288792	0.274044	0.289786	0.288047
3.41176	0.289559	0.295944	0.284032	0.295088	0.287521	0.272851	0.288511	0.286782
3.43137	0.288296	0.294663	0.282787	0.293855	0.286262	0.271668	0.287248	0.285528
3.45098	0.287044	0.293394	0.281553	0.292632	0.285013	0.270495	0.285995	0.284285
3.47059	0.285803	0.292135	0.280329	0.291419	0.283775	0.269333	0.284753	0.283053
3.4902	0.284572	0.290886	0.279116	0.290216	0.282548	0.26818	0.283521	0.281831
3.5098	0.283352	0.289648	0.277913	0.289023	0.281331	0.267037	0.2823	0.280619
3.52941	0.282142	0.28842	0.27672	0.28784	0.280124	0.265904	0.28109	0.279418
3.54902	0.280942	0.287202	0.275538	0.286667	0.278928	0.26478	0.279889	0.278227
3.56863	0.279752	0.285995	0.274365	0.285502	0.277741	0.263666	0.278699	0.277046
3.58824	0.278572	0.284797	0.273203	0.284348	0.276565	0.262561	0.277518	0.275874
3.60784	0.277402	0.283609	0.27205	0.283202	0.275398	0.261465	0.276347	0.274713
3.62745	0.276241	0.282431	0.270906	0.282066	0.274241	0.260379	0.275186	0.273561
3.64706	0.27509	0.281263	0.269772	0.280939	0.273094	0.259301	0.274035	0.272418
3.66667	0.273949	0.280104	0.268648	0.27982	0.271956	0.258232	0.272892	0.271285
3.68627	0.272816	0.278954	0.267532	0.278711	0.270827	0.257172	0.27176	0.270162
3.70588	0.271693	0.277814	0.266426	0.27761	0.269708	0.256121	0.270636	0.269047
3.72549	0.270579	0.276682	0.265329	0.276518	0.268597	0.255078	0.269522	0.267941
3.7451	0.269474	0.27556	0.264241	0.275434	0.267496	0.254044	0.268416	0.266845
3.76471	0.268378	0.274447	0.263162	0.274359	0.266404	0.253018	0.26732	0.265757
3.78431	0.267291	0.273342	0.262091	0.273293	0.26532	0.252	0.266232	0.264678
3.80392	0.266212	0.272246	0.261029	0.272234	0.264245	0.25099	0.265153	0.263608
3.82353	0.265142	0.271159	0.259975	0.271184	0.263179	0.249989	0.264083	0.262546
3.84314	0.264081	0.270081	0.25893	0.270141	0.262121	0.248995	0.263021	0.261493
3.86275	0.263028	0.26901	0.257893	0.269107	0.261072	0.248009	0.261968	0.260448
3.88235	0.261983	0.267948	0.256865	0.26808	0.260031	0.247031	0.260922	0.259411
3.90196	0.260946	0.266895	0.255844	0.267062	0.258998	0.246061	0.259885	0.258382
3.92157	0.259917	0.265849	0.254831	0.266051	0.257973	0.245098	0.258856	0.257362
3.94118	0.258897	0.264812	0.253827	0.265047	0.256957	0.244143	0.257836	0.256349
3.96078	0.257884	0.263782	0.25283	0.264052	0.255948	0.243195	0.256823	0.255345
3.98039	0.256879	0.26276	0.251841	0.263063	0.254947	0.242255	0.255817	0.254348
4	0.255882	0.261746	0.25086	0.262082	0.253953	0.241321	0.25482	0.253358
4.01961	0.254892	0.26074	0.249886	0.261108	0.252968	0.240395	0.25383	0.252377
4.03922	0.25391	0.259742	0.248919	0.260142	0.25199	0.239476	0.252848	0.251402
4.05882	0.252936	0.25875	0.24796	0.259182	0.251019	0.238564	0.251873	0.250436
4.07843	0.251968	0.257767	0.247009	0.25823	0.250056	0.237659	0.250906	0.249476
4.09804	0.251009	0.256791	0.246064	0.257284	0.2491	0.236761	0.249946	0.248524
4.11765	0.250056	0.255821	0.245127	0.256346	0.248151	0.235869	0.248993	0.247579
4.13725	0.24911	0.25486	0.244197	0.255414	0.24721	0.234984	0.248048	0.246641
4.15686	0.248172	0.253905	0.243274	0.254489	0.246275	0.234106	0.247109	0.245711
4.17647	0.24724	0.252957	0.242357	0.253571	0.245348	0.233234	0.246178	0.244787
4.19608	0.246316	0.252016	0.241448	0.252659	0.244427	0.232369	0.245253	0.24387
4.21569	0.245398	0.251083	0.240545	0.251754	0.243514	0.23151	0.244335	0.242959
4.23529	0.244487	0.250156	0.239649	0.250855	0.242607	0.230658	0.243424	0.242056
4.2549	0.243583	0.249235	0.23876	0.249963	0.241706	0.229812	0.24252	0.241159
4.27451	0.242685	0.248322	0.237877	0.249077	0.240813	0.228971	0.241622	0.240269
4.29412	0.241794	0.247415	0.237	0.248197	0.239926	0.228137	0.240731	0.239385
4.31373	0.240909	0.246514	0.23613	0.247323	0.239045	0.22731	0.239847	0.238508
4.33333	0.240031	0.24562	0.235267	0.246456	0.238171	0.226488	0.238968	0.237637
4.35294	0.239159	0.244732	0.234409	0.245594	0.237303	0.225672	0.238097	0.236772
4.37255	0.238293	0.243851	0.233558	0.244739	0.236441	0.224861	0.237231	0.235913
4.39216	0.237434	0.242976	0.232713	0.243889	0.235586	0.224057	0.236372	0.235061
4.41176	0.23658	0.242107	0.231874	0.243046	0.234736	0.223258	0.235518	0.234215
4.43137	0.235733	0.241244	0.231041	0.242208	0.233893	0.222466	0.234671	0.233375
4.45098	0.234891	0.240388	0.230214	0.241376	0.233056	0.221678	0.23383	0.232541
4.47059	0.234056	0.239537	0.229392	0.24055	0.232224	0.220896	0.232995	0.231712
4.4902	0.233226	0.238692	0.228577	0.239729	0.231399	0.22012	0.232166	0.23089
4.5098	0.232403	0.237853	0.227767	0.238914	0.230579	0.219349	0.231342	0.230073
4.52941	0.231585	0.23702	0.226963	0.238104	0.229765	0.218584	0.230524	0.229262
4.54902	0.230773	0.236193	0.226165	0.2373	0.228957	0.217824	0.229712	0.228457
4.56863	0.229966	0.235371	0.225372	0.236501	0.228155	0.217069	0.228906	0.227657
4.58824	0.229165	0.234555	0.224585	0.235708	0.227358	0.216319	0.228105	0.226863
4.60784	0.228369	0.233745	0.223803	0.23492	0.226566	0.215575	0.22731	0.226074
4.62745	0.227579	0.23294	0.223026	0.234137	0.22578	0.214835	0.226521	0.225291
4.64706	0.226795	0.23214	0.222255	0.233359	0.225	0.214101	0.225736	0.224513
4.66667	0.226015	0.231346	0.221489	0.232587	0.224224	0.213371	0.224957	0.223741
4.68627	0.225241	0.230558	0.220729	0.23182	0.223454	0.212647	0.224184	0.222973
4.70588	0.224473	0.229774	0.219973	0.231057	0.22269	0.211928	0.223415	0.222211
4.72549	0.223709	0.228996	0.219223	0.2303	0.22193	0.211213	0.222652	0.221454
4.7451	0.222951	0.228223	0.218478	0.229548	0.221176	0.210503	0.221894	0.220703
4.76471	0.222197	0.227456	0.217738	0.2288	0.220427	0.209798	0.221141	0.219956
4.78431	0.221449	0.226693	0.217002	0.228058	0.219682	0.209098	0.220394	0.219214
4.80392	0.220706	0.225935	0.216272	0.22732	0.218943	0.208402	0.219651	0.218477
4.82353	0.219967	0.225183	0.215547	0.226587	0.218209	0.207711	0.218913	0.217745
4.84314	0.219234	0.224435	0.214826	0.225858	0.217479	0.207024	0.21818	0.217018
4.86275	0.218505	0.223692	0.21411	0.225135	0.216755	0.206342	0.217452	0.216296
4.88235	0.217781	0.222955	0.213399	0.224416	0.216035	0.205665	0.216729	0.215579
4.90196	0.217062	0.222221	0.212693	0.223701	0.21532	0.204992	0.21601	0.214866
4.92157	0.216348	0.221493	0.211991	0.222991	0.21461	0.204323	0.215296	0.214158
4.94118	0.215638	0.22077	0.211294	0.222286	0.213904	0.203659	0.214587	0.213455
4.96078	0.214933	0.220051	0.210601	0.221585	0.213203	0.202999	0.213883	0.212756
4.98039	0.214233	0.219336	0.209913	0.220888	0.212506	0.202343	0.213183	0.212062
5	0.213537	0.218627	0.20923	0.220196	0.211814	0.201692	0.212487	0.211372