0	1	1	1	1	1	1	1	1
0.0196078	1.00896	1.01098	1.00694	1.00981	1.00896	1.00981	1.00896	1.00792
0.0392157	1.01818	1.02217	1.01423	1.02019	1.01818	1.01994	1.01818	1.01614
0.0588235	1.02768	1.03355	1.02187	1.03109	1.02768	1.03039	1.02768	1.02468
0.0784314	1.03743	1.04514	1.02985	1.04252	1.03743	1.04117	1.03743	1.03353
0.0980392	1.04746	1.05692	1.03817	1.05444	1.04746	1.05228	1.04746	1.04268
0.117647	1.05775	1.06892	1.04683	1.0668	1.05775	1.06372	1.05775	1.05214
0.137255	1.0683	1.08111	1.05582	1.07963	1.0683	1.0755	1.0683	1.0619
0.156863	1.07911	1.09351	1.06515	1.09285	1.07911	1.0876	1.07911	1.07195
0.176471	1.09018	1.10611	1.0748	1.10649	1.09018	1.10005	1.09018	1.0823
0.196078	1.10151	1.11891	1.08477	1.1205	1.10151	1.11282	1.10151	1.09295
0.215686	1.1131	1.13192	1.09506	1.1349	1.1131	1.12594	1.1131	1.10388
0.235294	1.12494	1.14513	1.10567	1.14964	1.12494	1.13939	1.12494	1.1151
0.254902	1.13704	1.15854	1.11658	1.16472	1.13704	1.15317	1.13704	1.1266
0.27451	1.14938	1.17215	1.12781	1.18013	1.14938	1.1673	1.14938	1.13838
0.294118	1.16198	1.18595	1.13934	1.19584	1.16198	1.18174	1.16198	1.15044
0.313725	1.17482	1.19996	1.15116	1.21188	1.17482	1.19652	1.17482	1.16277
0.333333	1.1879	1.21417	1.16328	1.2282	1.1879	1.21163	1.1879	1.17537
0.352941	1.20123	1.22857	1.1757	1.2448	1.20123	1.22705	1.20123	1.18824
0.372549	1.21479	1.24317	1.18839	1.26168	1.21479	1.2428	1.21479	1.20137
0.392157	1.22859	1.25797	1.20137	1.27884	1.22859	1.25887	1.22859	1.21476
0.411765	1.24263	1.27296	1.21463	1.29625	1.24263	1.27525	1.24263	1.22841
0.431373	1.2569	1.28814	1.22816	1.31391	1.2569	1.29193	1.2569	1.24231
0.45098	1.27139	1.30351	1.24197	1.33181	1.27139	1.30893	1.27139	1.25647
0.470588	1.28612	1.31908	1.25603	1.34997	1.28612	1.32623	1.28612	1.27087
0.490196	1.30107	1.33483	1.27036	1.36835	1.30107	1.34383	1.30107	1.28551
0.509804	1.31624	1.35077	1.28495	1.38695	1.31624	1.36172	1.31624	1.30039
0.529412	1.33163	1.36689	1.29979	1.40578	1.33163	1.37989	1.33163	1.31551
0.54902	1.34724	1.3832	1.31488	1.42482	1.34724	1.39834	1.34724	1.33086
0.568627	1.36306	1.3997	1.33022	1.44407	1.36306	1.41707	1.36306	1.34645
0.588235	1.37909	1.41637	1.3458	1.46354	1.37909	1.43609	1.37909	1.36226
0.607843	1.39533	1.43323	1.36162	1.48321	1.39534	1.45538	1.39533	1.37829
0.627451	1.41179	1.45026	1.37767	1.50307	1.41179	1.47493	1.41179	1.39455
0.647059	1.42844	1.46748	1.39396	1.52313	1.42844	1.49474	1.42844	1.41103
0.666667	1.4453	1.48486	1.41047	1.54339	1.4453	1.5148	1.4453	1.42772
0.686275	1.46236	1.50243	1.42721	1.56382	1.46236	1.53512	1.46236	1.44462
0.705882	1.47961	1.52016	1.44417	1.58444	1.47962	1.55567	1.47961	1.46173
0.72549	1.49706	1.53807	1.46134	1.60524	1.49707	1.57647	1.49706	1.47905
0.745098	1.51471	1.55615	1.47873	1.62622	1.51471	1.59751	1.51471	1.49657
0.764706	1.53254	1.5744	1.49633	1.64737	1.53255	1.61878	1.53254	1.51429
0.784314	1.55057	1.59281	1.51414	1.6687	1.55058	1.64027	1.55057	1.53221
0.803922	1.56878	1.6114	1.53216	1.69019	1.56879	1.662	1.56878	1.55033
0.823529	1.58717	1.63014	1.55038	1.71184	1.58718	1.68394	1.58717	1.56864
0.843137	1.60575	1.64905	1.56879	1.73366	1.60576	1.7061	1.60575	1.58714
0.862745	1.62451	1.66812	1.5874	1.75565	1.62452	1.72846	1.62451	1.60583
0.882353	1.64344	1.68736	1.60621	1.77779	1.64346	1.75104	1.64344	1.6247
0.901961	1.66255	1.70675	1.6252	1.80009	1.66257	1.77382	1.66255	1.64376
0.921569	1.68184	1.7263	1.64439	1.82253	1.68186	1.7968	1.68184	1.663
0.941176	1.70129	1.746	1.66376	1.84515	1.70132	1.81998	1.70129	1.68242
0.960784	1.72092	1.76586	1.68331	1.86791	1.72095	1.84336	1.72092	1.70201
0.980392	1.74072	1.78588	1.70304	1.89082	1.74075	1.86694	1.74072	1.72178
1	1.76068	1.80605	1.72296	1.91388	1.76072	1.8907	1.76068	1.74172
1.01961	1.78081	1.82637	1.74304	1.93708	1.78085	1.91464	1.78081	1.76183
1.03922	1.8011	1.84684	1.7633	1.96042	1.80115	1.93877	1.8011	1.78211
1.05882	1.82155	1.86745	1.78373	1.9839	1.8216	1.96306	1.82155	1.80255
1.07843	1.84216	1.88822	1.80433	2.00752	1.84222	1.98753	1.84216	1.82316
1.09804	1.86293	1.90913	1.8251	2.0313	1.863	2.0122	1.86293	1.84393
1.11765	1.88386	1.93019	1.84603	2.0552	1.88393	2.03703	1.88386	1.86487
1.13725	1.90494	1.95139	1.86713	2.07925	1.90502	2.06203	1.90494	1.88596
1.15686	1.92618	1.97274	1.88838	2.10342	1.92626	2.08719	1.92618	1.90721
1.17647	1.94756	1.99423	1.9098	2.12772	1.94765	2.1125	1.94756	1.92861
1.19608	1.9691	2.01586	1.93137	2.15217	1.9692	2.138	1.9691	1.95016
1.21569	1.99078	2.03762	1.9531	2.17674	1.99089	2.16365	1.99078	1.97187
1.23529	2.01262	2.05953	1.97498	2.20145	2.01273	2.18946	2.01262	1.99373
1.2549	2.03459	2.08157	1.99701	2.22628	2.03472	2.21542	2.03459	2.01574
1.27451	2.05672	2.10376	2.01919	2.25123	2.05686	2.24152	2.05672	2.03789
1.29412	2.07898	2.12607	2.04152	2.27633	2.07914	2.2678	2.07898	2.06019
1.31373	2.10139	2.14852	2.064	2.30154	2.10156	2.29422	2.10139	2.08264
1.33333	2.12394	2.17111	2.08662	2.32688	2.12412	2.32079	2.12394	2.10523
1.35294	2.14663	2.19382	2.10939	2.35233	2.14682	2.34749	2.14663	2.12796
1.37255	2.16945	2.21667	2.1323	2.37792	2.16966	2.37436	2.16945	2.15082
1.39216	2.19241	2.23965	2.15535	2.40363	2.19264	2.40137	2.19241	2.17383
1.41176	2.21551	2.26276	2.17853	2.42945	2.21576	2.4285	2.21551	2.19698
1.43137	2.23874	2.286	2.20186	2.45539	2.23901	2.45578	2.23874	2.22026
1.45098	2.26211	2.30936	2.22532	2.48146	2.2624	2.48322	2.26211	2.24367
1.47059	2.28561	2.33285	2.24892	2.50764	2.28591	2.51078	2.28561	2.26722
1.4902	2.30924	2.35647	2.27265	2.53392	2.30957	2.53847	2.30924	2.29091
1.5098	2.33299	2.38021	2.29652	2.56035	2.33335	2.56632	2.33299	2.31472
1.52941	2.35688	2.40408	2.32052	2.58689	2.35726	2.59429	2.35688	2.33866
1.54902	2.3809	2.42807	2.34464	2.61352	2.3813	2.62238	2.3809	2.36274
1.56863	2.40504	2.45218	2.3689	2.64028	2.40548	2.65061	2.40504	2.38694
1.58824	2.42931	2.47642	2.39328	2.66716	2.42977	2.67899	2.42931	2.41126
1.60784	2.4537	2.50078	2.41779	2.69414	2.4542	2.70747	2.4537	2.43572
1.62745	2.47822	2.52525	2.44243	2.72124	2.47875	2.73609	2.47822	2.4603
1.64706	2.50286	2.54985	2.46719	2.74846	2.50342	2.76484	2.50286	2.485
1.66667	2.52763	2.57456	2.49208	2.77577	2.52822	2.7937	2.52763	2.50982
1.68627	2.55251	2.5994	2.51709	2.80321	2.55314	2.82271	2.55251	2.53477
1.70588	2.57751	2.62435	2.54222	2.83075	2.57818	2.85184	2.57751	2.55984
1.72549	2.60264	2.64941	2.56747	2.85838	2.60335	2.88107	2.60264	2.58503
1.7451	2.62788	2.67459	2.59284	2.88614	2.62863	2.91045	2.62788	2.61033
1.76471	2.65324	2.69989	2.61833	2.91401	2.65404	2.93995	2.65324	2.63576
1.78431	2.67872	2.7253	2.64393	2.94197	2.67956	2.96955	2.67872	2.6613
1.80392	2.70431	2.75083	2.66966	2.97006	2.7052	2.99929	2.70431	2.68696
1.82353	2.73002	2.77646	2.6955	2.99823	2.73096	3.02913	2.73002	2.71274
1.84314	2.75585	2.80222	2.72146	3.02652	2.75684	3.0591	2.75585	2.73863
1.86275	2.78178	2.82808	2.74753	3.05492	2.78283	3.0892	2.78178	2.76463
1.88235	2.80784	2.85405	2.77371	3.0834	2.80893	3.11938	2.80784	2.79075
1.90196	2.834	2.88013	2.80001	3.11201	2.83516	3.14971	2.834	2.81698
1.92157	2.86027	2.90633	2.82642	3.14071	2.86149	3.18014	2.86027	2.84333
1.94118	2.88666	2.93263	2.85294	3.16951	2.88794	3.21068	2.88666	2.86978
1.96078	2.91316	2.95904	2.87957	3.19842	2.9145	3.24135	2.91316	2.89635
1.98039	2.93976	2.98556	2.90631	3.22742	2.94117	3.27211	2.93976	2.92302
2	2.96648	3.01219	2.93316	3.25654	2.96796	3.30302	2.96648	2.9498
2.01961	2.9933	3.03892	2.96012	3.28575	2.99485	3.33401	2.9933	2.9767
2.03922	3.02023	3.06576	2.98719	3.31506	3.02185	3.36511	3.02023	3.0037
2.05882	3.04727	3.09271	3.01437	3.34447	3.04897	3.39634	3.04727	3.0308
2.07843	3.07442	3.11976	3.04165	3.37397	3.07619	3.42766	3.07442	3.05802
2.09804	3.10167	3.14691	3.06903	3.40358	3.10352	3.45911	3.10167	3.08533
2.11765	3.12903	3.17417	3.09653	3.43327	3.13096	3.49064	3.12903	3.11276
2.13725	3.15649	3.20154	3.12412	3.46309	3.1585	3.52231	3.15649	3.14029
2.15686	3.18405	3.229	3.15182	3.49298	3.18615	3.55406	3.18405	3.16792
2.17647	3.21172	3.25657	3.17963	3.52299	3.21391	3.58595	3.21172	3.19566
2.19608	3.23949	3.28424	3.20754	3.55308	3.24178	3.61793	3.23949	3.2235
2.21569	3.26737	3.31201	3.23554	3.58327	3.26974	3.65	3.26737	3.25144
2.23529	3.29534	3.33989	3.26366	3.61356	3.29782	3.6822	3.29534	3.27948
2.2549	3.32342	3.36786	3.29187	3.64393	3.32599	3.71447	3.32342	3.30762
2.27451	3.3516	3.39594	3.32018	3.67441	3.35427	3.74689	3.3516	3.33587
2.29412	3.37987	3.42411	3.34859	3.70497	3.38266	3.77938	3.37988	3.36422
2.31373	3.40825	3.45238	3.3771	3.73565	3.41114	3.812	3.40825	3.39266
2.33333	3.43673	3.48075	3.40572	3.7664	3.43973	3.84469	3.43673	3.4212
2.35294	3.46531	3.50922	3.43443	3.79726	3.46842	3.87752	3.46531	3.44985
2.37255	3.49398	3.53779	3.46323	3.82819	3.49721	3.91041	3.49398	3.47859
2.39216	3.52275	3.56646	3.49214	3.85925	3.5261	3.94345	3.52275	3.50743
2.41176	3.55162	3.59522	3.52114	3.89036	3.55509	3.97654	3.55162	3.53636
2.43137	3.58059	3.62408	3.55024	3.9216	3.58418	4.00978	3.58059	3.56539
2.45098	3.60965	3.65303	3.57943	3.9529	3.61336	4.04308	3.60966	3.59452
2.47059	3.63881	3.68208	3.60872	3.98432	3.64265	4.07652	3.63881	3.62375
2.4902	3.66807	3.71123	3.63811	4.01581	3.67204	4.11003	3.66807	3.65307
2.5098	3.69742	3.74047	3.66759	4.04741	3.70152	4.14367	3.69742	3.68248
2.52941	3.72686	3.7698	3.69716	4.07907	3.7311	4.17737	3.72687	3.71199
2.54902	3.7564	3.79923	3.72683	4.11085	3.76078	4.2112	3.75641	3.74159
2.56863	3.78603	3.82875	3.75659	4.14268	3.79055	4.24509	3.78604	3.77129
2.58824	3.81576	3.85837	3.78644	4.17465	3.82043	4.27914	3.81577	3.80108
2.60784	3.84558	3.88808	3.81639	4.20667	3.85039	4.31324	3.84559	3.83096
2.62745	3.87549	3.91788	3.84643	4.23881	3.88046	4.34746	3.8755	3.86094
2.64706	3.9055	3.94777	3.87656	4.271	3.91061	4.38172	3.9055	3.891
2.66667	3.93559	3.97776	3.90678	4.30332	3.94087	4.41615	3.9356	3.92116
2.68627	3.96578	4.00783	3.93709	4.3357	3.97121	4.45063	3.96579	3.95141
2.70588	3.99606	4.038	3.9675	4.3682	4.00165	4.48524	3.99607	3.98175
2.72549	4.02643	4.06826	3.99799	4.40075	4.03218	4.51992	4.02644	4.01218
2.7451	4.05689	4.09861	4.02857	4.43341	4.06281	4.55471	4.0569	4.0427
2.76471	4.08744	4.12905	4.05924	4.46615	4.09353	4.58958	4.08745	4.07331
2.78431	4.11808	4.15958	4.09001	4.49898	4.12434	4.62455	4.11809	4.10401
2.80392	4.14881	4.1902	4.12086	4.53189	4.15524	4.65961	4.14882	4.1348
2.82353	4.17963	4.2209	4.1518	4.56488	4.18623	4.69476	4.17964	4.16568
2.84314	4.21053	4.2517	4.18282	4.59797	4.21732	4.73002	4.21055	4.19665
2.86275	4.24153	4.28258	4.21394	4.63113	4.24849	4.76534	4.24155	4.2277
2.88235	4.27261	4.31356	4.24514	4.6644	4.27977	4.80081	4.27263	4.25884
2.90196	4.30378	4.34462	4.27643	4.69772	4.31112	4.83633	4.3038	4.29007
2.92157	4.33504	4.37576	4.3078	4.73116	4.34257	4.87197	4.33506	4.32139
2.94118	4.36639	4.407	4.33927	4.76466	4.3741	4.90767	4.36641	4.35279
2.96078	4.39782	4.43832	4.37081	4.79826	4.40573	4.94348	4.39785	4.38428
2.98039	4.42934	4.46973	4.40245	4.83194	4.43744	4.97937	4.42937	4.41586
3	4.46094	4.50122	4.43417	4.86569	4.46925	5.01535	4.46097	4.44752
3.01961	4.49263	4.5328	4.46597	4.89954	4.50114	5.05144	4.49266	4.47926
3.03922	4.52441	4.56447	4.49786	4.93346	4.53312	5.08758	4.52444	4.5111
3.05882	4.55627	4.59622	4.52983	4.96749	4.56519	5.12389	4.55631	4.54301
3.07843	4.58821	4.62806	4.56189	5.00157	4.59734	5.16023	4.58825	4.57501
3.09804	4.62024	4.65998	4.59403	5.03576	4.62958	5.19668	4.62029	4.6071
3.11765	4.65236	4.69198	4.62626	5.07001	4.66191	5.23319	4.6524	4.63927
3.13725	4.68456	4.72407	4.65857	5.10434	4.69432	5.2698	4.68461	4.67152
3.15686	4.71684	4.75625	4.69096	5.13877	4.72682	5.30652	4.71689	4.70386
3.17647	4.7492	4.7885	4.72343	5.17326	4.7594	5.34329	4.74926	4.73628
3.19608	4.78165	4.82085	4.75599	5.20786	4.79207	5.38021	4.78171	4.76878
3.21569	4.81418	4.85327	4.78863	5.24252	4.82483	5.41717	4.81425	4.80136
3.23529	4.8468	4.88578	4.82135	5.27727	4.85767	5.45424	4.84687	4.83403
3.2549	4.87949	4.91837	4.85415	5.3121	4.89059	5.49138	4.87957	4.86678
3.27451	4.91227	4.95104	4.88704	5.347	4.9236	5.52859	4.91235	4.89961
3.29412	4.94513	4.98379	4.92	5.382	4.9567	5.56594	4.94522	4.93252
3.31373	4.97808	5.01663	4.95305	5.41706	4.98987	5.60332	4.97817	4.96552
3.33333	5.0111	5.04954	4.98618	5.45221	5.02313	5.64084	5.0112	4.99859
3.35294	5.0442	5.08254	5.01939	5.48744	5.05647	5.67842	5.04431	5.03175
3.37255	5.07739	5.11562	5.05267	5.52274	5.0899	5.71608	5.0775	5.06498
3.39216	5.11065	5.14878	5.08604	5.55814	5.12341	5.75387	5.11077	5.0983
3.41176	5.144	5.18203	5.11949	5.5936	5.157	5.7917	5.14412	5.13169
3.43137	5.17743	5.21535	5.15302	5.62915	5.19067	5.82963	5.17756	5.16517
3.45098	5.21093	5.24875	5.18662	5.66477	5.22442	5.86764	5.21107	5.19872
3.47059	5.24452	5.28223	5.22031	5.70046	5.25826	5.90571	5.24467	5.23236
3.4902	5.27818	5.31579	5.25407	5.73625	5.29218	5.94393	5.27834	5.26607
3.5098	5.31193	5.34943	5.28792	5.7721	5.32617	5.98218	5.31209	5.29987
3.52941	5.34575	5.38315	5.32184	5.80804	5.36025	6.02053	5.34593	5.33374
3.54902	5.37965	5.41695	5.35584	5.84405	5.39441	6.05896	5.37984	5.36769
3.56863	5.41363	5.45083	5.38991	5.88012	5.42865	6.09743	5.41383	5.40171
3.58824	5.44769	5.48479	5.42407	5.91631	5.46297	6.13607	5.4479	5.43582
3.60784	5.48183	5.51882	5.4583	5.95255	5.49737	6.17476	5.48205	5.47
3.62745	5.51604	5.55294	5.49261	5.98887	5.53184	6.21353	5.51627	5.50427
3.64706	5.55033	5.58713	5.527	6.02529	5.5664	6.25242	5.55058	5.5386
3.66667	5.5847	5.6214	5.56146	6.06176	5.60104	6.29135	5.58496	5.57302
3.68627	5.61915	5.65574	5.596	6.09832	5.63575	6.33038	5.61942	5.60751
3.70588	5.65367	5.69017	5.63062	6.13495	5.67055	6.36947	5.65396	5.64208
3.72549	5.68827	5.72467	5.66531	6.17163	5.70541	6.40861	5.68857	5.67673
3.7451	5.72295	5.75925	5.70008	6.20843	5.74037	6.44791	5.72327	5.71145
3.76471	5.7577	5.7939	5.73492	6.24529	5.77539	6.48725	5.75804	5.74624
3.78431	5.79253	5.82863	5.76984	6.28221	5.81049	6.52666	5.79288	5.78112
3.80392	5.82743	5.86344	5.80484	6.31923	5.84568	6.5662	5.82781	5.81607
3.82353	5.86241	5.89832	5.83991	6.3563	5.88094	6.60578	5.86281	5.85109
3.84314	5.89747	5.93328	5.87505	6.39346	5.91627	6.64546	5.89788	5.88619
3.86275	5.9326	5.96832	5.91027	6.4307	5.95169	6.68524	5.93304	5.92137
3.88235	5.96781	6.00343	5.94557	6.468	5.98717	6.72506	5.96826	5.95662
3.90196	6.00309	6.03861	5.98093	6.50538	6.02274	6.76499	6.00357	5.99194
3.92157	6.03845	6.07387	6.01638	6.54284	6.05838	6.80498	6.03895	6.02734
3.94118	6.07388	6.10921	6.0519	6.58034	6.0941	6.84502	6.0744	6.06281
3.96078	6.10938	6.14462	6.08749	6.61797	6.12989	6.88522	6.10993	6.09836
3.98039	6.14496	6.1801	6.12315	6.65565	6.16576	6.92547	6.14554	6.13398
4	6.18061	6.21566	6.15889	6.69338	6.2017	6.96576	6.18122	6.16968
4.01961	6.21634	6.2513	6.1947	6.73122	6.23772	7.0062	6.21697	6.20544
4.03922	6.25214	6.287	6.23059	6.76912	6.27382	7.04667	6.2528	6.24129
4.05882	6.28802	6.32278	6.26654	6.80707	6.30998	7.08721	6.28871	6.2772
4.07843	6.32396	6.35864	6.30257	6.84513	6.34623	7.12787	6.32469	6.31319
4.09804	6.35999	6.39457	6.33868	6.88325	6.38254	7.16858	6.36074	6.34925
4.11765	6.39608	6.43057	6.37485	6.92142	6.41893	7.20936	6.39687	6.38539
4.13725	6.43225	6.46665	6.4111	6.9597	6.4554	7.25026	6.43307	6.42159
4.15686	6.46848	6.50279	6.44742	6.99803	6.49194	7.29121	6.46935	6.45787
4.17647	6.5048	6.53901	6.48381	7.03643	6.52854	7.33222	6.50569	6.49422
4.19608	6.54118	6.57531	6.52028	7.07493	6.56523	7.37335	6.54212	6.53064
4.21569	6.57764	6.61167	6.55681	7.11347	6.60199	7.41453	6.57861	6.56714
4.23529	6.61416	6.64811	6.59342	7.15209	6.63881	7.45578	6.61518	6.60371
4.2549	6.65076	6.68462	6.6301	7.1908	6.67572	7.49714	6.65183	6.64034
4.27451	6.68743	6.7212	6.66685	7.22956	6.7127	7.53855	6.68854	6.67705
4.29412	6.72418	6.75786	6.70367	7.26838	6.74974	7.58003	6.72533	6.71383
4.31373	6.76099	6.79458	6.74056	7.30731	6.78687	7.62164	6.76219	6.75068
4.33333	6.79788	6.83138	6.77752	7.34629	6.82406	7.66329	6.79912	6.78761
4.35294	6.83483	6.86825	6.81455	7.38533	6.86132	7.70501	6.83613	6.8246
4.37255	6.87186	6.90519	6.85165	7.42447	6.89866	7.74686	6.87321	6.86166
4.39216	6.90896	6.9422	6.88883	7.46366	6.93606	7.78875	6.91036	6.8988
4.41176	6.94612	6.97928	6.92607	7.50291	6.97354	7.83069	6.94758	6.936
4.43137	6.98336	7.01643	6.96338	7.54226	7.01109	7.87274	6.98488	6.97328
4.45098	7.02067	7.05365	7.00076	7.58166	7.04871	7.91484	7.02224	7.01062
4.47059	7.05805	7.09095	7.03821	7.62111	7.0864	7.95697	7.05968	7.04804
4.4902	7.0955	7.12831	7.07574	7.66068	7.12416	7.99926	7.09719	7.08552
4.5098	7.13301	7.16574	7.11333	7.70029	7.16199	8.04159	7.13477	7.12307
4.52941	7.1706	7.20325	7.15099	7.73995	7.19989	8.08396	7.17242	7.1607
4.54902	7.20826	7.24082	7.18871	7.77972	7.23787	8.12648	7.21015	7.19839
4.56863	7.24598	7.27846	7.22651	7.81955	7.27591	8.16906	7.24794	7.23615
4.58824	7.28378	7.31617	7.26438	7.85943	7.31402	8.21168	7.28581	7.27398
4.60784	7.32164	7.35396	7.30231	7.8994	7.3522	8.25441	7.32374	7.31188
4.62745	7.35958	7.39181	7.34032	7.93945	7.39046	8.29722	7.36175	7.34985
4.64706	7.39758	7.42973	7.37839	7.97954	7.42877	8.34008	7.39983	7.38788
4.66667	7.43565	7.46771	7.41653	8.0197	7.46716	8.38301	7.43798	7.42599
4.68627	7.47379	7.50577	7.45474	8.05995	7.50562	8.42605	7.4762	7.46416
4.70588	7.512	7.5439	7.49301	8.10025	7.54415	8.46913	7.51449	7.5024
4.72549	7.55027	7.58209	7.53136	8.14061	7.58274	8.51227	7.55284	7.54071
4.7451	7.58861	7.62036	7.56977	8.18108	7.62141	8.55554	7.59127	7.57908
4.76471	7.62703	7.65869	7.60825	8.22159	7.66015	8.59886	7.62977	7.61753
4.78431	7.6655	7.69708	7.64679	8.26215	7.69894	8.64221	7.66834	7.65604
4.80392	7.70405	7.73555	7.6854	8.30282	7.73782	8.6857	7.70698	7.69462
4.82353	7.74267	7.77409	7.72408	8.34354	7.77676	8.72925	7.74569	7.73327
4.84314	7.78135	7.81269	7.76283	8.38431	7.81576	8.77283	7.78446	7.77198
4.86275	7.8201	7.85136	7.80165	8.42516	7.85483	8.81651	7.82331	7.81076
4.88235	7.85891	7.8901	7.84053	8.46609	7.89398	8.86027	7.86223	7.84961
4.90196	7.89779	7.9289	7.87947	8.50706	7.93318	8.90407	7.90121	7.88852
4.92157	7.93674	7.96777	7.91849	8.54809	7.97245	8.94793	7.94026	7.9275
4.94118	7.97576	8.00671	7.95757	8.58924	8.0118	8.99195	7.97939	7.96655
4.96078	8.01484	8.04572	7.99671	8.63043	8.05121	9.036	8.01858	8.00566
4.98039	8.05399	8.08479	8.03593	8.67166	8.09068	9.08009	8.05783	8.04484
5	8.09321	8.12393	8.0752	8.71299	8.13023	9.1243	8.09717	8.08409
