    0.10000E-03    0.52337E+03
    0.10202E-03    0.53351E+03
    0.10408E-03    0.54386E+03
    0.10618E-03    0.55441E+03
    0.10833E-03    0.56516E+03
    0.11052E-03    0.57611E+03
    0.11275E-03    0.58728E+03
    0.11503E-03    0.59867E+03
    0.11735E-03    0.61028E+03
    0.11972E-03    0.62211E+03
    0.12214E-03    0.63417E+03
    0.12461E-03    0.64647E+03
    0.12712E-03    0.65900E+03
    0.12969E-03    0.67177E+03
    0.13231E-03    0.68479E+03
    0.13499E-03    0.69807E+03
    0.13771E-03    0.71160E+03
    0.14049E-03    0.72539E+03
    0.14333E-03    0.73945E+03
    0.14623E-03    0.75378E+03
    0.14918E-03    0.76839E+03
    0.15220E-03    0.78328E+03
    0.15527E-03    0.79846E+03
    0.15841E-03    0.81393E+03
    0.16161E-03    0.82970E+03
    0.16487E-03    0.84577E+03
    0.16820E-03    0.86216E+03
    0.17160E-03    0.87886E+03
    0.17507E-03    0.89588E+03
    0.17860E-03    0.91324E+03
    0.18221E-03    0.93092E+03
    0.18589E-03    0.94895E+03
    0.18965E-03    0.96733E+03
    0.19348E-03    0.98606E+03
    0.19739E-03    0.10052E+04
    0.20138E-03    0.10246E+04
    0.20544E-03    0.10445E+04
    0.20959E-03    0.10647E+04
    0.21383E-03    0.10853E+04
    0.21815E-03    0.11063E+04
    0.22255E-03    0.11277E+04
    0.22705E-03    0.11495E+04
    0.23164E-03    0.11718E+04
    0.23632E-03    0.11944E+04
    0.24109E-03    0.12175E+04
    0.24596E-03    0.12411E+04
    0.25093E-03    0.12651E+04
    0.25600E-03    0.12895E+04
    0.26117E-03    0.13145E+04
    0.26645E-03    0.13399E+04
    0.27183E-03    0.13658E+04
    0.27732E-03    0.13922E+04
    0.28292E-03    0.14191E+04
    0.28864E-03    0.14465E+04
    0.29447E-03    0.14744E+04
    0.30042E-03    0.15029E+04
    0.30649E-03    0.15319E+04
    0.31268E-03    0.15615E+04
    0.31899E-03    0.15917E+04
    0.32544E-03    0.16224E+04
    0.33201E-03    0.16537E+04
    0.33872E-03    0.16856E+04
    0.34556E-03    0.17181E+04
    0.35254E-03    0.17512E+04
    0.35966E-03    0.17850E+04
    0.36693E-03    0.18194E+04
    0.37434E-03    0.18545E+04
    0.38190E-03    0.18902E+04
    0.38962E-03    0.19266E+04
    0.39749E-03    0.19637E+04
    0.40552E-03    0.20015E+04
    0.41371E-03    0.20400E+04
    0.42207E-03    0.20792E+04
    0.43060E-03    0.21192E+04
    0.43929E-03    0.21600E+04
    0.44817E-03    0.22015E+04
    0.45722E-03    0.22438E+04
    0.46646E-03    0.22868E+04
    0.47588E-03    0.23307E+04
    0.48550E-03    0.23755E+04
    0.49530E-03    0.24210E+04
    0.50531E-03    0.24674E+04
    0.51552E-03    0.25147E+04
    0.52593E-03    0.25629E+04
    0.53656E-03    0.26120E+04
    0.54739E-03    0.26620E+04
    0.55845E-03    0.27129E+04
    0.56973E-03    0.27648E+04
    0.58124E-03    0.28176E+04
    0.59299E-03    0.28714E+04
    0.60496E-03    0.29262E+04
    0.61719E-03    0.29821E+04
    0.62965E-03    0.30389E+04
    0.64237E-03    0.30968E+04
    0.65535E-03    0.31558E+04
    0.66859E-03    0.32159E+04
    0.68210E-03    0.32771E+04
    0.69588E-03    0.33393E+04
    0.70993E-03    0.34028E+04
    0.72427E-03    0.34674E+04
    0.73891E-03    0.35331E+04
    0.75383E-03    0.36001E+04
    0.76906E-03    0.36683E+04
    0.78460E-03    0.37377E+04
    0.80045E-03    0.38084E+04
    0.81662E-03    0.38803E+04
    0.83311E-03    0.39536E+04
    0.84994E-03    0.40281E+04
    0.86711E-03    0.41040E+04
    0.88463E-03    0.41813E+04
    0.90250E-03    0.42600E+04
    0.92073E-03    0.43400E+04
    0.93933E-03    0.44215E+04
    0.95831E-03    0.45044E+04
    0.97767E-03    0.45888E+04
    0.99742E-03    0.46747E+04
    0.10176E-02    0.47620E+04
    0.10381E-02    0.48510E+04
    0.10591E-02    0.49414E+04
    0.10805E-02    0.50335E+04
    0.11023E-02    0.51271E+04
    0.11246E-02    0.52224E+04
    0.11473E-02    0.53193E+04
    0.11705E-02    0.54178E+04
    0.11941E-02    0.55181E+04
    0.12182E-02    0.56200E+04
    0.12429E-02    0.57237E+04
    0.12680E-02    0.58291E+04
    0.12936E-02    0.59363E+04
    0.13197E-02    0.60454E+04
    0.13464E-02    0.61562E+04
    0.13736E-02    0.62689E+04
    0.14013E-02    0.63834E+04
    0.14296E-02    0.64999E+04
    0.14585E-02    0.66182E+04
    0.14880E-02    0.67385E+04
    0.15180E-02    0.68608E+04
    0.15487E-02    0.69850E+04
    0.15800E-02    0.71112E+04
    0.16119E-02    0.72395E+04
    0.16445E-02    0.73698E+04
    0.16777E-02    0.75021E+04
    0.17116E-02    0.76366E+04
    0.17462E-02    0.77731E+04
    0.17814E-02    0.79117E+04
    0.18174E-02    0.80525E+04
    0.18541E-02    0.81954E+04
    0.18916E-02    0.83405E+04
    0.19298E-02    0.84878E+04
    0.19688E-02    0.86373E+04
    0.20086E-02    0.87890E+04
    0.20491E-02    0.89429E+04
    0.20905E-02    0.90991E+04
    0.21328E-02    0.92575E+04
    0.21758E-02    0.94183E+04
    0.22198E-02    0.95813E+04
    0.22646E-02    0.97466E+04
    0.23104E-02    0.99142E+04
    0.23571E-02    0.10084E+05
    0.24047E-02    0.10256E+05
    0.24533E-02    0.10431E+05
    0.25028E-02    0.10608E+05
    0.25534E-02    0.10787E+05
    0.26050E-02    0.10969E+05
    0.26576E-02    0.11153E+05
    0.27113E-02    0.11339E+05
    0.27660E-02    0.11528E+05
    0.28219E-02    0.11719E+05
    0.28789E-02    0.11913E+05
    0.29371E-02    0.12108E+05
    0.29964E-02    0.12306E+05
    0.30569E-02    0.12507E+05
    0.31187E-02    0.12709E+05
    0.31817E-02    0.12914E+05
    0.32460E-02    0.13122E+05
    0.33115E-02    0.13331E+05
    0.33784E-02    0.13543E+05
    0.34467E-02    0.13757E+05
    0.35163E-02    0.13973E+05
    0.35874E-02    0.14191E+05
    0.36598E-02    0.14411E+05
    0.37338E-02    0.14634E+05
    0.38092E-02    0.14858E+05
    0.38861E-02    0.15085E+05
    0.39646E-02    0.15314E+05
    0.40447E-02    0.15544E+05
    0.41264E-02    0.15777E+05
    0.42098E-02    0.16011E+05
    0.42948E-02    0.16247E+05
    0.43816E-02    0.16485E+05
    0.44701E-02    0.16725E+05
    0.45604E-02    0.16966E+05
    0.46525E-02    0.17209E+05
    0.47465E-02    0.17454E+05
    0.48424E-02    0.17699E+05
    0.49402E-02    0.17946E+05
    0.50400E-02    0.18195E+05
    0.51419E-02    0.18444E+05
    0.52457E-02    0.18695E+05
    0.53517E-02    0.18947E+05
    0.54598E-02    0.19199E+05
    0.55701E-02    0.19453E+05
    0.56826E-02    0.19707E+05
    0.57974E-02    0.19962E+05
    0.59145E-02    0.20217E+05
    0.60340E-02    0.20472E+05
    0.61559E-02    0.20728E+05
    0.62803E-02    0.20984E+05
    0.64072E-02    0.21240E+05
    0.65366E-02    0.21495E+05
    0.66686E-02    0.21751E+05
    0.68033E-02    0.22006E+05
    0.69408E-02    0.22260E+05
    0.70810E-02    0.22513E+05
    0.72240E-02    0.22766E+05
    0.73700E-02    0.23017E+05
    0.75189E-02    0.23267E+05
    0.76708E-02    0.23516E+05
    0.78257E-02    0.23763E+05
    0.79838E-02    0.24008E+05
    0.81451E-02    0.24250E+05
    0.83096E-02    0.24491E+05
    0.84775E-02    0.24729E+05
    0.86488E-02    0.24965E+05
    0.88235E-02    0.25197E+05
    0.90017E-02    0.25426E+05
    0.91836E-02    0.25652E+05
    0.93691E-02    0.25875E+05
    0.95583E-02    0.26093E+05
    0.97514E-02    0.26307E+05
    0.99484E-02    0.26517E+05
    0.10149E-01    0.26722E+05
    0.10354E-01    0.26922E+05
    0.10564E-01    0.27117E+05
    0.10777E-01    0.27306E+05
    0.10995E-01    0.27489E+05
    0.11217E-01    0.27667E+05
    0.11443E-01    0.27838E+05
    0.11675E-01    0.28002E+05
    0.11910E-01    0.28159E+05
    0.12151E-01    0.28309E+05
    0.12397E-01    0.28451E+05
    0.12647E-01    0.28585E+05
    0.12902E-01    0.28711E+05
    0.13163E-01    0.28829E+05
    0.13429E-01    0.28937E+05
    0.13700E-01    0.29036E+05
    0.13977E-01    0.29126E+05
    0.14259E-01    0.29206E+05
    0.14547E-01    0.29275E+05
    0.14841E-01    0.29334E+05
    0.15141E-01    0.29382E+05
    0.15447E-01    0.29419E+05
    0.15759E-01    0.29445E+05
    0.16077E-01    0.29458E+05
    0.16402E-01    0.29460E+05
    0.16734E-01    0.29449E+05
    0.17072E-01    0.29426E+05
    0.17416E-01    0.29390E+05
    0.17768E-01    0.29341E+05
    0.18127E-01    0.29279E+05
    0.18493E-01    0.29204E+05
    0.18867E-01    0.29114E+05
    0.19248E-01    0.29011E+05
    0.19637E-01    0.28894E+05
    0.20034E-01    0.28764E+05
    0.20438E-01    0.28619E+05
    0.20851E-01    0.28460E+05
    0.21272E-01    0.28287E+05
    0.21702E-01    0.28099E+05
    0.22141E-01    0.27898E+05
    0.22588E-01    0.27683E+05
    0.23044E-01    0.27455E+05
    0.23510E-01    0.27213E+05
    0.23985E-01    0.26957E+05
    0.24469E-01    0.26689E+05
    0.24964E-01    0.26408E+05
    0.25468E-01    0.26115E+05
    0.25982E-01    0.25809E+05
    0.26507E-01    0.25493E+05
    0.27043E-01    0.25166E+05
    0.27589E-01    0.24830E+05
    0.28146E-01    0.24483E+05
    0.28715E-01    0.24126E+05
    0.29295E-01    0.23762E+05
    0.29887E-01    0.23395E+05
    0.30490E-01    0.23024E+05
    0.31106E-01    0.22640E+05
    0.31735E-01    0.22234E+05
    0.32376E-01    0.21834E+05
    0.33030E-01    0.21484E+05
    0.33697E-01    0.21192E+05
    0.34378E-01    0.20901E+05
    0.35072E-01    0.20554E+05
    0.35781E-01    0.20160E+05
    0.36504E-01    0.19758E+05
    0.37241E-01    0.19374E+05
    0.37993E-01    0.18999E+05
    0.38761E-01    0.18624E+05
    0.39544E-01    0.18254E+05
    0.40343E-01    0.17901E+05
    0.41158E-01    0.17565E+05
    0.41989E-01    0.17218E+05
    0.42838E-01    0.16839E+05
    0.43703E-01    0.16450E+05
    0.44586E-01    0.16093E+05
    0.45486E-01    0.15790E+05
    0.46405E-01    0.15519E+05
    0.47343E-01    0.15257E+05
    0.48299E-01    0.14997E+05
    0.49275E-01    0.14743E+05
    0.50270E-01    0.14498E+05
    0.51286E-01    0.14276E+05
    0.52322E-01    0.14087E+05
    0.53379E-01    0.13917E+05
    0.54457E-01    0.13743E+05
    0.55557E-01    0.13555E+05
    0.56680E-01    0.13365E+05
    0.57825E-01    0.13186E+05
    0.58993E-01    0.13014E+05
    0.60184E-01    0.12837E+05
    0.61400E-01    0.12648E+05
    0.62641E-01    0.12452E+05
    0.63906E-01    0.12257E+05
    0.65197E-01    0.12067E+05
    0.66514E-01    0.11877E+05
    0.67858E-01    0.11680E+05
    0.69229E-01    0.11470E+05
    0.70627E-01    0.11249E+05
    0.72054E-01    0.11020E+05
    0.73510E-01    0.10786E+05
    0.74994E-01    0.10543E+05
    0.76509E-01    0.10283E+05
    0.78055E-01    0.10002E+05
    0.79632E-01    0.97071E+04
    0.81241E-01    0.94030E+04
    0.82882E-01    0.90936E+04
    0.84556E-01    0.87810E+04
    0.86264E-01    0.84673E+04
    0.88007E-01    0.81562E+04
    0.89785E-01    0.78514E+04
    0.91598E-01    0.75562E+04
    0.93449E-01    0.72733E+04
    0.95337E-01    0.70055E+04
    0.97263E-01    0.67546E+04
    0.99227E-01    0.65223E+04
    0.10123E+00    0.63094E+04
    0.10328E+00    0.61163E+04
    0.10536E+00    0.59426E+04
    0.10749E+00    0.57875E+04
    0.10966E+00    0.56495E+04
    0.11188E+00    0.55268E+04
    0.11414E+00    0.54168E+04
    0.11644E+00    0.53164E+04
    0.11880E+00    0.52221E+04
    0.12120E+00    0.51300E+04
    0.12365E+00    0.50362E+04
    0.12614E+00    0.49368E+04
    0.12869E+00    0.48286E+04
    0.13129E+00    0.47091E+04
    0.13394E+00    0.45772E+04
    0.13665E+00    0.44328E+04
    0.13941E+00    0.42770E+04
    0.14223E+00    0.41121E+04
    0.14510E+00    0.39413E+04
    0.14803E+00    0.37685E+04
    0.15102E+00    0.35984E+04
    0.15407E+00    0.34357E+04
    0.15718E+00    0.32846E+04
    0.16036E+00    0.31484E+04
    0.16360E+00    0.30284E+04
    0.16690E+00    0.29247E+04
    0.17028E+00    0.28359E+04
    0.17371E+00    0.27597E+04
    0.17722E+00    0.26933E+04
    0.18080E+00    0.26329E+04
    0.18446E+00    0.25746E+04
    0.18818E+00    0.25141E+04
    0.19198E+00    0.24478E+04
    0.19586E+00    0.23734E+04
    0.19982E+00    0.22906E+04
    0.20386E+00    0.22006E+04
    0.20797E+00    0.21059E+04
    0.21218E+00    0.20098E+04
    0.21646E+00    0.19167E+04
    0.22083E+00    0.18304E+04
    0.22530E+00    0.17531E+04
    0.22985E+00    0.16859E+04
    0.23449E+00    0.16287E+04
    0.23923E+00    0.15788E+04
    0.24406E+00    0.15337E+04
    0.24899E+00    0.14906E+04
    0.25402E+00    0.14465E+04
    0.25915E+00    0.13987E+04
    0.26439E+00    0.13464E+04
    0.26973E+00    0.12913E+04
    0.27518E+00    0.12351E+04
    0.28074E+00    0.11798E+04
    0.28641E+00    0.11280E+04
    0.29219E+00    0.10818E+04
    0.29810E+00    0.10413E+04
    0.30412E+00    0.10048E+04
    0.31026E+00    0.97096E+03
    0.31653E+00    0.93821E+03
    0.32292E+00    0.90494E+03
    0.32945E+00    0.86989E+03
    0.33610E+00    0.83362E+03
    0.34289E+00    0.79783E+03
    0.34982E+00    0.76390E+03
    0.35689E+00    0.73237E+03
    0.36409E+00    0.70330E+03
    0.37145E+00    0.67664E+03
    0.37895E+00    0.65155E+03
    0.38661E+00    0.62689E+03
    0.39442E+00    0.60183E+03
    0.40239E+00    0.57673E+03
    0.41052E+00    0.55238E+03
    0.41881E+00    0.52937E+03
    0.42727E+00    0.50770E+03
    0.43590E+00    0.48720E+03
    0.44471E+00    0.46768E+03
    0.45369E+00    0.44889E+03
    0.46286E+00    0.43057E+03
    0.47221E+00    0.41257E+03
    0.48174E+00    0.39513E+03
    0.49148E+00    0.37849E+03
    0.50141E+00    0.36280E+03
    0.51153E+00    0.34786E+03
    0.52187E+00    0.33345E+03
    0.53241E+00    0.31941E+03
    0.54317E+00    0.30585E+03
    0.55414E+00    0.29285E+03
    0.56533E+00    0.28047E+03
    0.57675E+00    0.26862E+03
    0.58840E+00    0.25723E+03
    0.60029E+00    0.24625E+03
    0.61242E+00    0.23569E+03
    0.62479E+00    0.22556E+03
    0.63741E+00    0.21587E+03
    0.65029E+00    0.20659E+03
    0.66342E+00    0.19769E+03
    0.67683E+00    0.18915E+03
    0.69050E+00    0.18095E+03
    0.70445E+00    0.17309E+03
    0.71868E+00    0.16556E+03
    0.73320E+00    0.15833E+03
    0.74801E+00    0.15140E+03
    0.76312E+00    0.14476E+03
    0.77854E+00    0.13840E+03
    0.79426E+00    0.13230E+03
    0.81031E+00    0.12646E+03
    0.82668E+00    0.12086E+03
    0.84338E+00    0.11550E+03
    0.86041E+00    0.11037E+03
    0.87780E+00    0.10545E+03
    0.89553E+00    0.10075E+03
    0.91362E+00    0.96245E+02
    0.93208E+00    0.91935E+02
    0.95091E+00    0.87811E+02
    0.97011E+00    0.83865E+02
    0.98971E+00    0.80090E+02
    0.10097E+01    0.76478E+02
    0.10301E+01    0.73024E+02
    0.10509E+01    0.69719E+02
    0.10721E+01    0.66559E+02
    0.10938E+01    0.63537E+02
    0.11159E+01    0.60647E+02
    0.11384E+01    0.57884E+02
    0.11614E+01    0.55242E+02
    0.11849E+01    0.52717E+02
    0.12088E+01    0.50303E+02
    0.12333E+01    0.47996E+02
    0.12582E+01    0.45791E+02
    0.12836E+01    0.43684E+02
    0.13095E+01    0.41670E+02
    0.13360E+01    0.39747E+02
    0.13630E+01    0.37909E+02
    0.13905E+01    0.36154E+02
    0.14186E+01    0.34477E+02
    0.14472E+01    0.32875E+02
    0.14765E+01    0.31346E+02
    0.15063E+01    0.29885E+02
    0.15367E+01    0.28491E+02
    0.15678E+01    0.27160E+02
    0.15994E+01    0.25889E+02
    0.16318E+01    0.24675E+02
    0.16647E+01    0.23518E+02
    0.16984E+01    0.22412E+02
    0.17327E+01    0.21358E+02
    0.17677E+01    0.20351E+02
    0.18034E+01    0.19391E+02
    0.18398E+01    0.18475E+02
    0.18770E+01    0.17601E+02
    0.19149E+01    0.16767E+02
    0.19536E+01    0.15972E+02
    0.19930E+01    0.15213E+02
    0.20333E+01    0.14490E+02
    0.20744E+01    0.13800E+02
    0.21163E+01    0.13142E+02
    0.21590E+01    0.12515E+02
    0.22026E+01    0.11917E+02
    0.22471E+01    0.11347E+02
    0.22925E+01    0.10804E+02
    0.23388E+01    0.10285E+02
    0.23861E+01    0.97916E+01
    0.24343E+01    0.93210E+01
    0.24835E+01    0.88725E+01
    0.25336E+01    0.84450E+01
    0.25848E+01    0.80377E+01
    0.26370E+01    0.76496E+01
    0.26903E+01    0.72799E+01
    0.27447E+01    0.69276E+01
    0.28001E+01    0.65920E+01
    0.28567E+01    0.62723E+01
    0.29144E+01    0.59678E+01
    0.29733E+01    0.56778E+01
    0.30333E+01    0.54016E+01
    0.30946E+01    0.51386E+01
    0.31571E+01    0.48881E+01
    0.32209E+01    0.46496E+01
    0.32860E+01    0.44225E+01
    0.33523E+01    0.42062E+01
    0.34201E+01    0.40004E+01
    0.34892E+01    0.38044E+01
    0.35596E+01    0.36178E+01
    0.36316E+01    0.34403E+01
    0.37049E+01    0.32712E+01
    0.37798E+01    0.31104E+01
    0.38561E+01    0.29573E+01
    0.39340E+01    0.28116E+01
    0.40135E+01    0.26729E+01
    0.40946E+01    0.25410E+01
    0.41773E+01    0.24155E+01
    0.42617E+01    0.22960E+01
    0.43478E+01    0.21824E+01
    0.44356E+01    0.20743E+01
    0.45252E+01    0.19715E+01
    0.46166E+01    0.18737E+01
    0.47099E+01    0.17806E+01
    0.48050E+01    0.16921E+01
    0.49021E+01    0.16079E+01
    0.50011E+01    0.15279E+01
    0.51021E+01    0.14518E+01
    0.52052E+01    0.13794E+01
    0.53104E+01    0.13105E+01
    0.54176E+01    0.12451E+01
    0.55271E+01    0.11828E+01
    0.56387E+01    0.11237E+01
    0.57526E+01    0.10674E+01
    0.58689E+01    0.10139E+01
    0.59874E+01    0.96309E+00
    0.61084E+01    0.91476E+00
    0.62318E+01    0.86883E+00
    0.63577E+01    0.82516E+00
    0.64861E+01    0.78366E+00
    0.66171E+01    0.74422E+00
    0.67508E+01    0.70674E+00
    0.68872E+01    0.67112E+00
    0.70263E+01    0.63727E+00
    0.71682E+01    0.60510E+00
    0.73130E+01    0.57454E+00
    0.74608E+01    0.54549E+00
    0.76115E+01    0.51790E+00
    0.77653E+01    0.49169E+00
    0.79221E+01    0.46678E+00
    0.80822E+01    0.44313E+00
    0.82454E+01    0.42065E+00
    0.84120E+01    0.39930E+00
    0.85819E+01    0.37902E+00
    0.87553E+01    0.35976E+00
    0.89322E+01    0.34146E+00
    0.91126E+01    0.32409E+00
    0.92967E+01    0.30759E+00
    0.94845E+01    0.29191E+00
    0.96761E+01    0.27703E+00
    0.98716E+01    0.26290E+00
    0.10071E+02    0.24948E+00
    0.10274E+02    0.23673E+00
    0.10482E+02    0.22463E+00
    0.10694E+02    0.21315E+00
    0.10910E+02    0.20224E+00
    0.11130E+02    0.19188E+00
    0.11355E+02    0.18205E+00
    0.11584E+02    0.17272E+00
    0.11818E+02    0.16386E+00
    0.12057E+02    0.15545E+00
    0.12301E+02    0.14747E+00
    0.12549E+02    0.13989E+00
    0.12803E+02    0.13270E+00
    0.13061E+02    0.12587E+00
    0.13325E+02    0.11939E+00
    0.13594E+02    0.11324E+00
    0.13869E+02    0.10741E+00
    0.14149E+02    0.10187E+00
    0.14435E+02    0.96614E-01
    0.14727E+02    0.91628E-01
    0.15024E+02    0.86896E-01
    0.15328E+02    0.82406E-01
    0.15637E+02    0.78146E-01
    0.15953E+02    0.74103E-01
    0.16275E+02    0.70268E-01
    0.16604E+02    0.66630E-01
    0.16940E+02    0.63178E-01
    0.17282E+02    0.59903E-01
    0.17631E+02    0.56797E-01
    0.17987E+02    0.53850E-01
    0.18351E+02    0.51054E-01
    0.18721E+02    0.48403E-01
    0.19099E+02    0.45887E-01
    0.19485E+02    0.43502E-01
    0.19879E+02    0.41239E-01
    0.20280E+02    0.39093E-01
    0.20690E+02    0.37057E-01
    0.21108E+02    0.35127E-01
    0.21535E+02    0.33296E-01
    0.21970E+02    0.31560E-01
    0.22413E+02    0.29913E-01
    0.22866E+02    0.28352E-01
    0.23328E+02    0.26871E-01
    0.23799E+02    0.25468E-01
    0.24280E+02    0.24136E-01
    0.24771E+02    0.22874E-01
    0.25271E+02    0.21678E-01
    0.25782E+02    0.20543E-01
    0.26302E+02    0.19467E-01
    0.26834E+02    0.18447E-01
    0.27376E+02    0.17480E-01
    0.27929E+02    0.16564E-01
    0.28493E+02    0.15695E-01
    0.29069E+02    0.14871E-01
    0.29656E+02    0.14090E-01
    0.30255E+02    0.13350E-01
    0.30866E+02    0.12648E-01
    0.31490E+02    0.11983E-01
    0.32126E+02    0.11353E-01
    0.32775E+02    0.10755E-01
    0.33437E+02    0.10189E-01
    0.34112E+02    0.96524E-02
    0.34801E+02    0.91437E-02
    0.35504E+02    0.86616E-02
    0.36222E+02    0.82048E-02
    0.36953E+02    0.77719E-02
    0.37700E+02    0.73616E-02
    0.38462E+02    0.69728E-02
    0.39239E+02    0.66044E-02
    0.40031E+02    0.62553E-02
    0.40840E+02    0.59245E-02
    0.41665E+02    0.56110E-02
    0.42507E+02    0.53140E-02
    0.43365E+02    0.50326E-02
    0.44241E+02    0.47660E-02
    0.45135E+02    0.45134E-02
    0.46047E+02    0.42741E-02
    0.46977E+02    0.40473E-02
    0.47926E+02    0.38325E-02
    0.48894E+02    0.36290E-02
    0.49882E+02    0.34362E-02
    0.50890E+02    0.32536E-02
    0.51918E+02    0.30806E-02
    0.52966E+02    0.29167E-02
    0.54036E+02    0.27614E-02
    0.55128E+02    0.26144E-02
    0.56242E+02    0.24751E-02
    0.57378E+02    0.23432E-02
    0.58537E+02    0.22182E-02
    0.59720E+02    0.20999E-02
    0.60926E+02    0.19878E-02
    0.62157E+02    0.18817E-02
    0.63412E+02    0.17812E-02
    0.64693E+02    0.16860E-02
    0.66000E+02    0.15958E-02
    0.67334E+02    0.15105E-02
    0.68694E+02    0.14297E-02
    0.70082E+02    0.13531E-02
    0.71497E+02    0.12806E-02
    0.72942E+02    0.12120E-02
    0.74415E+02    0.11470E-02
    0.75918E+02    0.10855E-02
    0.77452E+02    0.10273E-02
    0.79017E+02    0.97210E-03
    0.80613E+02    0.91987E-03
    0.82241E+02    0.87041E-03
    0.83903E+02    0.82358E-03
    0.85598E+02    0.77924E-03
    0.87327E+02    0.73726E-03
    0.89091E+02    0.69751E-03
    0.90891E+02    0.65988E-03
    0.92727E+02    0.62424E-03
    0.94600E+02    0.59051E-03
    0.96511E+02    0.55857E-03
    0.98461E+02    0.52833E-03
    0.10045E+03    0.49970E-03
    0.10248E+03    0.47260E-03
    0.10455E+03    0.44695E-03
    0.10666E+03    0.42268E-03
    0.10882E+03    0.39971E-03
    0.11101E+03    0.37797E-03
    0.11326E+03    0.35741E-03
    0.11554E+03    0.33795E-03
    0.11788E+03    0.31955E-03
    0.12026E+03    0.30214E-03
    0.12269E+03    0.28567E-03
    0.12517E+03    0.27010E-03
    0.12770E+03    0.25537E-03
    0.13028E+03    0.24144E-03
    0.13291E+03    0.22828E-03
    0.13559E+03    0.21582E-03
